	1100 0 00010 00000 1 0000000000000111
	1010 0 00010 00000 1 0000000000000000
	1100 0 00010 00000 1 0000000000000101
	1010 0 00010 00000 1 0000000000000001	
	1100 0 00010 00000 1 0000000000000010
	1010 0 00010 00000 1 0000000000000010
	1100 0 00010 00000 1 0000000000000100
	1010 0 00010 00000 1 0000000000000011
	0001 0 00010 00000 1 0000000000000011
	1010 0 00010 00000 1 0000000000000100
	1011 0 00010 00000 1 0000000000000000
	1011 0 00011 00000 1 0000000000000001
	0010 0 01000 00010 0 0000000000000011
	0110 0 00010 01000 1 0000000000000100
	1101 0 00010 00000 1 0000000000010111
	0000 0 00000 00000 0 0000000000000000
	1100 0 00010 00000 1 0000000000000110
	1010 0 00010 00000 1 0000000000000010
	1011 0 00010 00000 1 0000000000000011
	0111 0 00011 00010 1 0000000000000010
	1010 0 00011 00000 1 0000000000000011
	1000 0 00000 00000 1 0000000000011111
	0000 0 00000 00000 0 0000000000000000 # L2
	1011 0 00010 00000 1 0000000000000010
	0111 0 00011 00010 1 0000000000000011
	0111 0 00010 00011 1 0000000000000010
	1010 0 00010 00000 1 0000000000000010
	1011 0 00010 00000 1 0000000000000100
	1100 0 00011 00000 1 0000000000000111
	1010 0 00011 00010 1 0000000000000000 
	0000 0 00000 00000 0 0000000000000000 # L3
	
	
	
	
	
	