11000000100000010000000000000111
10100000100000010000000000000000
11000000100000010000000000000101
10100000100000010000000000000001
11000000100000010000000000000011
10100000100000010000000000000010
11000000100000010000000000000101
10100000100000010000000000000011
00010000100000010000000000000011
10100000100000010000000000000100
11000000100000010101101001011010
10100000100000010000000000000101
11000000100000010110011101100111
10100000100000010000000000000110
11000000100000010000000000111100
10100000100000010000000000000111
11000000100000010000000011111111
10100000100000010000000000001000
10110000110000010000000000000001
00000000000000000000000000000000
10110000100000010000000000000000
00100010000001000000000000000011
01100000100100010000000000000100
11010000000001010000000000100101
00000000000000000000000000000000
10110000100000010000000000000010
00010000110001010000000000000100
10100000110000010000000000000010
00100000110001010000000000000011
10100000110000010000000000000011
10110000100000010000000000000101
00000000000000000000000000000000
10110000110000010000000000000110
01000010000001100000000000000010
10100010000000010000000000000111
10000000000000010000000000110001
00000000000000000000000000000000
10110000100000010000000000000010
01110000110001010000000000000011
10100000110000010000000000000010
10110000100000010000000000000100
00000000000000000000000000000000
11000000110000010000000000000111
10100000110001010000000000000000
10110000100000010000000000000101
00000000000000000000000000000000
10110000110000010000000000000110
00110010000001100000000000000010
10100010000000010000000000000111
10110000100000010000000000000000
00000000000000000000000000000000
10110000110000010000000000000001
00010010000001100000000000000010
10100010000000010000000000000000
10110000100000010000000000000101
00000000000000000000000000000000
10110000110000010000000000000110
01010010000001100000000000000010
00000000000000000000000000000000
10110000100000010000000000001000
00110000110001000000000000001000
10100000110000010000000000000111
